##################################################
mu_profit: 1010.83674535
sigma:     22.8816373598
median:    1005.10719432
best:      1089.88049863
worst:     987.952357644
