##################################################
mu_profit: 1000.05551116
sigma:     2.70873436308
median:    1000.12912532
best:      1010.32274699
worst:     994.428919796
