##################################################
mu_profit: 963.137072
sigma:     14.8592767399
median:    966.5746
best:      987.1831
worst:     940.805
