nSVM_exp(2)
###########
profit: 1007.53600006
sharpe: 3.55772498466e-05
best:   1007.53600006

nSVM_exp(2)
###########
profit: 999.460163238
sharpe: -1.58758364583e-05
best:   999.460163238

nSVM_exp(2)
###########
profit: 956.497446516
sharpe: -3.08600141419e-05
best:   956.497446516

